= 1611111 Deos..

. INDEX.¹ ’.1

709. 16161 11611111 1111661111 9611111 661111 11661181111161118116616116 di·

pagnino. 7,576

81111111. 1, 551

16111.11111111111116166111,11611616.9898. ’111611161161611161 6116111 6116161 1116

8,371. 1661616116 mugire 61161111. Apollinem.

5,81

o, 116 16111111161116116616 111161- Theodorus, 616666161116161161061111
1111. 4,1. 16111 611611 explicans 61-66111161661161 6111616861111666611
116116161116614,19.4,671. 1661611111 6161111116661161611691918611118

. 16111 6616161. 4,397.16111111 mutare.

06111616 161111 9,1014.61 mp.

, 6, 971. 8,149. 166616666161. 7, 969. ’1116161161616161 666186111111116 ’111-

1611111111116111.8,386.16111611616,

1116 61611611. 7, 463

insepultum Jsoors. 9,795 1611116611 ’1116161601611 1686611111111. 9917

, 1661611,16116116161.8,849.161111616 T¹30¹P¹⁰¹¹ 111171 199911 ’

3,179

1616 9,184.16111161 1111861618111111111116Τ1161111161611111611111161111,

· ¹ 9, 806. 11 161111186618616861111116
in 116616 616861616.,9,899
16116 01111116 066116 suspensus 1111111111.
16111611111 66611 quse 611111 66111117, 818
Τ6111611661116111111161116161. 6481
16116 motus. 7, 414. 8, 848
1611611111, obscurum. 9, 501
terribiles 11111161 6 6161. 6, 96
166616619611611611. 7,734
161661. 6, 41
16116111 8111816 periphrasis. ,

1611111 ,,616 6161661111. 8¹ 199

’ 7,690

’1161111161 111661, 1611, 016616 regio
Μ16681116116111,11661111111111161
6111161616116111161 0661166161 Ρ61166-
ium noti: ejus 6616116111 16661111.
6, 338. 11 166611661111111661 6111

Ι6161111611 1816686111, 8611 Philippi-

6111 6161111611 61 16611,.6611618111
116111618611 611111 661171111611. 1161-
8611611816. 5, 651. 7,164, 309454,
473, 650, 847. 8, 45, 441, 609. 9, 949,
1073. 10, 4741

4, 7 1116111116, 11 ’1116111111 8, 108. 1116111111,

in ’1116111111 7899111611 84781111
1116 111616 61186 Romulos

16111186 118161 16116 magnitudinis, 6111 ’111611111616011111611111116111116 7,6
test„ putaminibus som 66666166, et ’116611111861111111811111111661111111111-

66611611161111 8161116116 10, 191
testudo 11111111161111 6661661116166116111
116118611161 clypeis, 111161 hostiles

1116111116.. 8, 474

8111111(111116116611661) 6116111116-
1111611. 7,.847 16611186’ 11 Philippicis
611166. 7,853.11116611116611111111111
6661 1116111111. 7,8’99

’161116611161016111111661611111,616- 1116111111,616611611111111111161. 10,417.

111811061111.1,414,654.1,569.3,
838. 4, 785 693 6, 67, 479. 10, 704
’1611116116 (pegni qnnrtnm 61116111 6661-
611161, nt interprotnntnr) auxilinm
Pompeii. 7, 797
’16111161 (1861611161)011161611 11611, 661
humanis hostiis litabatur. 1, 445
Teutonos. ’161161ιί. Germania 666111 n
1811161161 1756161611 116111 nsi.
9, 959
16111111116111111161616. 4,139
161161111161161,11661661611111168,777
11116161, (111 111166316111611611611661661)
1611111, 161 161116 161661, 61111111 1666
11111 1111116111
061186111111.1,133
’1116111611961666111611 9338. 7, 9
’1116116 116161166611111 66111111111161
61111 nobilis, nbi nnnqnstn 61111, pel

Thesssiionm 616 66 qnod illsnnpnpnun
nttinet. Thessalicos 616861. 6, 67 9, 73.
10, 74. 111116. 7, 439. 8, 3319 9,1019ἐ
6118611416.11111816118161,11611«

. 1610616666191116611111661111116611.

7, 909. ’1161111161 pugno. 7, 693, 795.
11111111. 7, 808 ’1161611166 16166161,
qne 6616611 6161611111 oo 616116 sons·

, 1111. 8, 507. ’1116111116 161116166161,

qnod 6111 amiserit 61611611111111166.

, 8 510 116111116161161618 580111161-
, salica 111111.8,585.’11111111161 muns,
1 66161611 11 6116116. 9, 1801116111116

1611111,1161611106111,11.9,1084

· , 9,919 Thessalis p,lsnnnnsgnrnm 16111111111611

166161116186111111661 11141661. 6, 435.
111166. 186661 Thossnls, 61, 1116111111,
simpliciter 66111161 616 111161 6, 451,
595, 605, 614, 699, 767

61111616661111161181111. 1859 Thessalicos 1161116, 616 Sagittario Signo

’11161116 Echionius 6166116 11 11616111 (616
61018166816616116661118166. 8, 407.)

61616111, 6168 61681111 6116 (1111161661-
111161, qui Thessalus. 4, 579

168666118161161111161111116611111116 1116161,1186,16111,

71191811691116111166616161 1161111666661

ἱ 16 116111116111111 confecerunt 4,55l.

1816111161 16 8116186166, 11611111 rogi

1111161118Ρ611116 Euxinum Ι1611167 ,1.99

Throiv' 6161661161, quinegio Ssptoistsio·
111111161116167,833. ’1111616116111661
11611116 Hellesponti. 9, 954

 

