111οΕ11

161111,111116111111111,1ς1111111111 11111. 2⁴1⁷. 111 1116111111- 1111 “

1111111111. 6, 801

166111 111111 ignes.
16611111 funem 11111111.
161611111111 111111, 61 61111111. 6, 267

1611111 11111,16111,11111111. 9,105 11111ιί16611.

111111 pluvii· indiget. 8, 829. eju ἰ .
7, 559 111161111117111111111. 11464
3, 700 11111111 1111111. 9,1005. mn. 10, 812

1161. 0, 640
Β,611

161111,16111,1111111111111. , 9, 911 619161111111111111111. 1,640. ¹¹3¹·

16111 in 1111111 11111 Cesar. 15, 747
1671111 11111 in 111111, 16111,11111111

1111111111111111. ’ 2, 98
16111111 3116111 6111111. 4, 2⁴8

6,449.11111611 111111 fem 11 tm
quedam. 10,169. 1111111111- u·
1161. 8, 478. eorum metm 1111111
ιο, 111. etoeqq.

1611111111οῶ1111,16111,1111111. 61111, 1111 171111111ς 116 hono 7111

111111111111111111111111-
1111111111. 8, 74
1611111111111 1111116111, 11 11111111·
111 procumbens. ³,725
1611111111 [11611. 2³⁷3
1611111111, 16 est, 1111111111. 10, 76
“ 16111111 equor, 11116111111 011111.
· istm

16111111 111111 gnomo unguine 111111.

1111111111 11111.

1141 61111111111111111171111.
⁷,50 1111111111 populi.

111111 pro 1111111111111111. 1,6170
8, 197. 5, 3. 6, 676. 7,174, m. 10,
449. 11111Ε11111,Ε11111 11111, 111-
111, pro 111111111. 1191. 6³⁴2
7, 858. 8111116111 Μ. Μ..
pro 1111111111. 6, 394. 7, 825. En·
11611, pro magt 1111111111311, AEu·
111 11111;1111 111111 11 Μ
magn 1111111111. 6, 400,486. vu·
11111. Hm

’,Μ
11884

1611111, 16 111, 1111111, propinquum. 1161161111,151.111111111αησ,

161111181ραί1,611111111111161.7,165
1611111, 16111,1111111111111,11616111;

1111111. 1143
66111 oppidum 1111 Adria. ,16111111 11-

611, 16111111 1111,16 111, 11111 ,4611- 111111 aliquem 1111.

111111, 11161181
671. 4, 404. 5, 614

11111.1,407,615, 1111111161 1111111.
11111111 16 1116111.

16 111, 111111 regi· 11111111 ffli. 5.
609. AEoli· 111111, 16 111, 11111 111
111111 1111111111. 9,454

11111111 mnia 111111, 1161111111 extem

111 1111616111 1111111111. 8, 116
4, 58

16111111 rebus 111 6111111611 11 111 16- aquo 111111. 151111 equo 16111 m

11111111 1111111111.
' 16111111 11111 81111.

8, 534 1111111611111111111111111111.5,14,15
7,114 aequinoctium 1111111111. 1146110311.

mmm 1111116111, nppnssm. 2567 177

· 1611111111,16111,1611 11111111, 11111111. 11111111ῑί111 111111.
11111 1111111 11111, 16 111, 1111611 11
1611111 111111111,16111,11111161 16111· 111111,1111111ρο1111.
8,471 1111111 11111,1111111.

11867

tamma.

4,66

⁴‚56
9, 447

161111, 16111, 1111111111, 1111111111, 111111111111111116 11111 tem 11

locorumque 11111111 1111116111 111111 11611111.

4, 74. 9,.’1

1111111111. 5, 85. 2153. 10, 11111. 11111111.1,511.11111111.1,111.
adyti 1111111111.6,146.161111 digna 1ο11111611111.7,080.11ς11,11111·

“ vm.
ι AEn ’1111111111 1111111..

pm quoeunque 1111.
6, 414

9, 565 111, 1111111111. 6,107
6,861 111, 11116111.
1531111611 1111111110111111. 1111 111 1111111111, 111111.
Eppnmro, 6111111611 1111 quod 1111ςὶ111116111 .
611110111116111111 1, 10111616. 111 1111611111 111111111111.
1115 1111161111161111.
mr 1111. 7,140. 11111111 venturis. 111111111611111.

10, 167
5, 717
ΜΩ
7, 475

1111

1111111161161111111111111111. 6:⁴oe

Ες11 71111611, 16 111, 111111 vel 111111 11111 111111. ⁶, 315. manduit 1,Ξ14
1111111ρη 11111111616111. 7, 569 11111111 1111111111 1111111116 1111111111

83111111, 16 111, 0116111111, figam 1111111111.
9, 667. 10, 21³ 11111 11111, 111111 111111 qoedtae. 1,410

11111111.

, 10, 815

Egypm 111111, 111, 111111, 1111111ςὶ1 111111116111111111111111111 6,479
1111. 1,111.1,711.1,511,141,1ο1. 1111111111 niuem umim'bu ιηὶᾰι.

1.114.1ο,1,19,111,.111. eju 111,
111111111111111161 8,444. regio 11111 1111111

GM
1666

 

