11 11111111.

1111 11111 1111111111. 4, 7411111111 111 11111111 1111111 111111 Fortun.. 8, 448

11111111.4,688

nodi ehnlybum, 111111. ' 6, 797

Nm 0111111111 nahum, quun 11111 nodi nocentes, 111111 quibus 1111111111

611111 Euenum 1111611, stuprare 11-

11111111. 6, 848

1111,16111111111111111. 6, 866, 891 nomen. 11611111111111111. 1. 406.1ο- ,

111111, empuis 111111 sulphureis 1111-
1111111111, 6, 90
1111611 1111111 1111, 1111116161 111111,
11111611. 9,186
Nih, Egypti 01111 111161ιὶ11111 : 11-
pe 111111 pro ipa ,8111116841
688. 8, 199. 5, 711. 6, 807, 810. 7,
881. 8, 499, 616, 841, 641.9, 81, 156,
705, 761. 10, 8, 58, 186, 418. Nilne·
...1.1811181111
111111. 9, 186. Nili 1111111. 9, 418.
uilium, Egyptian. 10, 80. 811111-
111 11111111, Ptolem· 111. 8, 181.
Nuba 111111111111. 9, 816. Nilia·
1161. 10, 91. Niliuoijus 1111611111-
1111 AEgypfi. 9,1018. Nili regit. 9,
ῗ66. 1111111. 0, 559. 11111111 1111. 10,
71111 11111 1111 7111111 1111311111. 1,10.10,
40, 190, 191. 116 0111111111 111111·
1111111. 10,114. 11111111111111111
1111111 1111111, 1111111 1111111111. 10,
801. 11 111611ρί1 111 1111111111 1111
oritur. 8, 880. 111111 1111 11111111
11111111 111. 10, 186. 111111. 1111611
phu Egypti. 1, 417. 9, 168. 111111
11111, 11 111,1111111.4,186. qundo
11111111 11111111. 10, 110. 11 seqq. 11
111111 inundationis Nili inquisitum ;
²⁷¹2,
11 1. , . .1 111-
11111111 161111111111111169611111111111·
11. 8, 477. 71111 1111161111 1111111 1111-
111111 autumali. 10, 118. Nilus 1111-
, 1111 uptam 111111 1111 mue 11111111.
8, 448, 468. 10, 144,Ι 184. Nili 11 Pe·
111111111. 8, 815 ·
111111 1111111, 1 lngo 111181111111
1, 684
1111116116181111111111. 8, 447
Nili inundatio 11111111 1111111111. 6,
11161111111111. ’ 6184
111111111111111111. 5, 741
811111111111 urbe. 8, 115
1111161111 8111111 011111. 8, 146
161111116111111 11161111 11611 11111. ’6,
1111. 11 rupes. 4, 88. 11 111111. 4, 650. 11
1 111111. 5, 180
1111111111 8111 11611111111111111 1111

1111111. 6, 478

11111111. 111 11111 nostro 11111111 11111.

men 11111. 6, 604,157. 11 nomen 1111-
1111 111111,οο flumine 111111 11111111-
11611111. 6, 675. 1111111 1111111111, ·
[11111. 8, 795. 1111111111111. 7,110.
nomen 1111111111 111111111111. 7, 589.
111111111611. 8, 449. 1111111 paupe·
111 1111,171611111 11 Curii. 10, 151. no·
1111 1111114177, nomen 11111111.
7, 8911116111 11111. 9, 91. 1111111
7111111. 7, 408

1111111111. 1, 176. 111 print· 11111. 1,

688. 111 prinu eupit. 1, 564. 111 11·
1111 1111111. 1, 716. 111 111, 16 111, 1111
111 bene, 1111 docte. 8199111 11111.

, 10, 60. 111 1111111131 pum. 10, 76
111 1116111111. 9, 486

111, 111, 61111, 11111, 1111,11111,11 111,

nepe, 111111, 111111. 1, 478. 1, 410. 8,
466. 4, 546. 0, 181, 479. 10,’ 144

11111 minimum 11111, 11 flumine 111

longe 1111111111. 6, 467
8, 180

111111 11111111 111111. 8, 168
1111111111. 9, 111,
Notus, 611111, 1111111 8111111111111. 1. ,

460, 688. 4,71.6, 541, 671, 609, 714,
6194, 471. 7, 864. 9, 816, 419, 480

mmmmmmmffl
buslibet 111111. 10, 500. Noti pont
terp 1111111111 111111, quoe 1111 upana
1111111111 linea AEquinoetinlin. 10,“

novissimum, 1111111111. 1,131. 8,90
111. ignota 111111 11611111 11111111 111-

111. 1, 516. 1111111 111111. 1, 848.
111111111111. 1, 186. 111, 1111111111
11 deliquio 111111. 8, 785. 8, 58. 11
1111111 pronum 1111111. 4,18. 111
11611111 polo. 4,104. 1111111111111
111111616111. 6115. 116111 11111611
111111. 4,100. 111 bellorum. 4,144.
1161111111 nomem 1111111111Ρ61161.
4, 188. un noctem 1111111111111111111
tenebas. 4, 447. 111 pum„ 4, 476,
111 11111.5,617. 11111 1111. 6, 670.
111 111111. 6, 571. 111 pro 11116111.
6, 64711161 11191111. 6,’ 741. noete
111111. 7, 895. nox 11111111. 7, 671.
111 pendens 111111 campos. 7, 810.
111 61611 1111111111,11111ωρ11-
111111 1111-11111 1111 11 7111111111.

1116111111 1111161. 8,519111611111111111111111[11111111. 6,414
1111111111. 7, 790. 11111. 7,· 869 111111 11111 1111111111611111111161·

11111111 1111111. 8, 18

’1111011111111111 1111. 8, 571

 

