INDEX·

1161181. 8, 330, 395. 11618811 88118118 6816881886ὶί.

5, 93

1111111111. 0, 304, 388. 6818 tergum lu· 681681118118881111811188. am. ΜΒ

6811618811181.1,330.1111188811161 611 Syllana. >

11881. 6501111161118881668610
8111818.8,375.1111818811118116818,
. mennam auxilia implorare 6811
Pharsaliam 6881818181, 611-
, 1118681188 Lentulo. 8, 318 88 8866 11111
88811 ballo civili ante 11811881 ae 681111·
181183, 365
8181188181686811 611168611111661181181

am

181111- 611 6888868113,559.611,618611888
13630613811181813,133681181-

818. 4437. 68188 1111111818 8881111-,888-
1111111 181 8111118 1 6881118. w& μαι
1811818. 3, ns. 3, 533, 61118111 8 ghi·
61181818. 6, 343. 611 loci. 6, 303. 68-
11811 6818111811. 8, 356. 613 81111 m
9, 098, 811181 61811. 10, 55

6888811116816811181. 188611818618861 poculum. 68186116 8816868888111, 1181·

6168818111, 8, 335

611111. 618861811881111. 1, 377. 611111 pecten 8818881118.

5,,6)
3,609

1111 818.

8111111813, 340. 618881 681111. 9, 901 66818181816181118888 1116188888 681888

6111811681881111868111116886118111 3,
130. 61111881. ,4, 476. 611111811888,.
, 618181181181118. 7, 481
6118186118 decurrere
8881111, 611866186668816111111. 7,

1818881.4,166.6881888 8811668311 18-
8818. 4,345.1111161118881111118 pam
688881. 4, 783 6888888 plau, 88811

4, 371 61186818ιὶ818 6, 708. 688881188888818.

6836618181 8, 385. 61811111 8881. 9

618888. 6118681661881111168. 3394 6881681. 6111111181 68811688 1188811118-

686. 811111181- 1, 379. 88618,1,861881. 3,
3156818111. 3, 559, 6111 1111111881 68

18811 1181118118111. 4, 339, 6111 68868 pejerare 1181181 8166111.

1888. 4,.’1-14 pecudea 18811811, 561.
68816118111181118.6,111

6,749

8118181811. 5, 314. 6161118881, 6ο 11111 6816611111681111. 3, 88. 6811611611-

“ 5, 634 6881 818111, inlici. 6, 94. 6111
118118, 81 688818, 8661111811 11186 68111,
6111116888 88 8688 18 6818116188, 18 888-
6111811. 7, 503. 6111 11818111 11181818,
70. 616 11118811. 8, 383 8811818119,

11813, 560. 68116861188111881,161111
3,6.81 681161681181,1188881811811111.
3, 763. pelago 81818618 8811861188 Hu-
61111118,188111111111 81818 8111686011
818186. 0,189

310. 881811 1188 8868 6111, 11811 611181 8818616811ω,116616111 1181188118, 851

8188111188. 9, 363
6881811. 6111811611111811611111, 61181 111

181681118111,8168111818118 6188118113 1111118118. .
641. 618188861811, 6118111. 3, 650. 68- 881188111881811881110811111818116, 585,

8188181161.3,377.88111818. 8, 637, 61-

81818 11111811. 7, 53. 88118811. 9 8 68118111 Palla, 811181618868818,

primum divinandam 86188111 1811118-
11111111 eal: 1118 sabula 1111 Ἥ

411 7, 401
68681418118681

81111, 1116118111. 9, 653. 6111811 18818111 1116811653. 1188 8811888 688818,

61111114,181
6881111111. 6111618 611181811611811. 9, 408
8811 111111 1811 8811116111111118 818811,

361. 61118861 balli. ll, 393

Alexander 11161111. 3, 388. 88111111
8111166111, 68188 4181811116.Ι 10, 30.
88118188 11811111. 8, 398. 0816118881-

. 1181111, ab Alexandro 8118618811. 8, 357

818888, 8811818881. 1, 488. 3, 104, 109. 8811181111, Egyptian 811 Alexandrian,

10, 3³9¹

6118 88681 1116666 Menai 88111611

881118 818881 181 1881681888181. 7,31 111886811181181,88118111161168188.5,

6188161118 8868881.

818181811818618118118118 8881-
1111, 111 4181681868

811111 6116111“ 18 examita (latonia 8 ja·
81181816888818111 1111811 81811181. 9,

7,598 60. 8811881881 8118186079

10168811818111118811188181888, 4181·

1888811117, 799 8111111315310, 511. Palla 118181,

8811188 8111188611418111168188. 8, 475
10, 55. 88118816116188. 9, 1073

033.111166.68118888111684,713.68111118381811,3

113108 ignom 6111511118οω81814 {mla
11868188188180811118181688888. 6, 8818611η611,811868188813 6,.’17
151 88181818111118 6181181188ιί- 188118 81-

181888181811181181611818118118161881 818181.1,488.111468111118
. ’.ἓξὲξ Ραέἓῖέιὲιωψ 1604161180, vl·
om '

188818.
6181688 188111. ¹
6181611 mla. - ,

601

viui·

6,66

paupert„ foemininum, Ι8111. 11186111. 8118111111, ,866681 18111, addllm 888
1,166 88661188 6811611111] 88811111, 61181“ aa·

 

