, ,11611 ·

611661116μ1ῢ.10,881.6ώο11111616. 661611161111111. 6541. bvi-¹ 1η
1, 695. 6616611 mba- 4, 600. 1111, 5, 808
4, 757. 6616611 robor· 11611111. 8, 615 6116666616 11 1161111 baffi unitim
66166111 salia. 7,4 567
6651661116 611,116616,1116165111,1611- 66161 111611, 9, 486
16. 9,806, 111678 6666661111641. &w
6611166161611111611 111 11169, 511. 66- 6611616111. 9, 188
tandm 11111 1111, 66 imino 1166 desistere 661116. 8144
1611161161 111111 :liu 11 16 16611111, 6616111111. 4, 701
1111111611611111 118111. 6, 876. 66- 6611161116 61111. 1,548.11111. 5, 574
6161111661· tem. 9, 506 despicere 11116 de monte„ 5. ⁶³9
6666116, 1116116116 6111111111. 9, 401. 66111611616111 1111111161. MR
1166 61116111. 6611111116 11 1111111, 66 hu. 6,506
166111111161. §.658 6611111116, 6, 784. 7, 898. infinit 111·
61611116. 4,’ 180 nen mgn'n 8, 746. 661111111111111111
Mem 1111. 8, 887 111661.5,188.6611111616616611.5144.
deformi! 11116168, 56. desumi· 66161, 6611111111 1116111 nuque. 5198. 661·
1111111. 8, 61 161661165111111111 nm. 5,781
6616161611. 1,865.116111. 8, 149. 16- destruere 1111111111. 9,1641
, 111. 1466161111 111111.6,117.1116- 661611011116111. 4157
11610441 6616616 111116,1111111116116. 10, 846
degere 111111 inermen. 4, 858 6611111616 6116161 Urbi nmio 1111111.
0661111661611161616611116161111. 1, 851
5, 55. 1 8611111616111111161111111116- 66116111 11 6111611.
mun 11110111. 1161111611. detrudere. ‚
161161111611111,1111.11616166. 6, 558 Deucalionis 16116116111111111111 611111-
06161 111111 11 qu 1111 1111116 61 Dim, 111. 1, 655
, 61 11 (111 6116111111 Apollinis. 6, 415 devenere 16161. 1, 470. 661611611 m
Delphici 6116111 4116111111 6111661 66· 6, 591
16111116. 5, 70. et oeqq. 611· 66116116- 6611111111111111 111116. 9, 497.611111
1116111 edero. 5, 111,151. 1616111111 mundi. 10, 59
Delphicum 1 Brenno 61 1 Pani· 6611- 66111 termam. 4, 161. 111161. 6,109
11611111. 5, 186 devolvere 11611611 agmina. 2, 491
111111111161611111 116611, 1111116111- devotus. 4,171,588,695. 8, 91. devota
1611111111116611111. 6, 551 nero 1116616. 8,111. 6116111 nnis,
1161111111 pango. 8,159 11661661. 10, 176. devote 11 11161
6611111111 111111. Q, 861 661116. 8, 811
6111616111,116111111161111111111 Deus utquomque vida, 11661111.
61 mimo 1611616611 (111 1111 11 ter· 11616111. 9,500.111661111111161161611-
161616 1111161 1611161 1616161, siout 16 1111111161 16116 6661. 9, 575. 16 11-
111116 161. 11611661161161611, 161061- dem 111611161 qut 616611 coercet 1,
11111Ι 1161161616θ gaetfflW ὼῗῇἵὸωἳ 06111111661111116661111.. ,1,5915
661111111111661 in 11111161. 4, 75 1106111.αἱ ἒ1166116τ916781 magum ἴ
66111116111111,661111111611111611161111 1111116 Dei. 9, 574
, 1116616666. 4, 551 Deum 16111. 9, 557.ι6116 germ. 9, 564.
6611611111611116,11616616. 9,806 dem 1166η,η111616 numna-
661161 nivei, 61111. 10. 114 mm. 9, 604. Deo 1111111. 9, 554
6611611616611,1111161111 111 nutri. qui· Dei, 161, Dii 1116111, 1, 684. 11111111 16·
butem scinditur. 7, 659 6116611. 1, 655. nei 1611111161 16611-
6611616611,11111616616. 8, 101. dependere q 1611. 1, 60. 7, 168. nei 61111 Erebique.
mori 16111111. 10, 80 8. 306. nii 11611111 2, 587. 8, 98. Dii
61116111111166111668,71611161111111111- 16616161 mim 16661616. 4. 118. ud
11111191 1111161. 6, 577. mi 16 11111111 1111111
1161116661 servari. 9,118 166611 mgnum quidlibet 661616υ1,
depranam 6111111116). 6, 505 6611Η11111611116,518.661111111-
deprensa virtus« 4, 469. 6,168 161 1161661ῃηί1111. 6, 491. Du* h·-
66111611111 611 9, 581, 816 11611111111161,11161111111116.6,Β6.
deprensum 611 civile 11111, 1, 171 Dei nunni, 1111611. 6, 1101. nui d-
6111106111111116. , 9, 869· 11111116111617,416,ϋ4.011111·

 

