INDEX

0,91,151,116.111]111611,61111’11- 11616118ω,611116611 nquit. 1, 81 ,
1111117 ' 1161111. 1, 601. 6418
1111111166111.9,11.116111116,116161- :vin 16161111. 1,569
ι 1111661111. 7,451.611611111616.8, nidus 6111111 116111.9,1001.111611
770. qunti 1111. 5, 561 6611116111. 6, 696. uidam 1611117,
111111,1’1166,816111161111111. 9, 585 71
1111611111.·6,499.6611111161110661· 11111111. 6, 676
viii. 1, 689 11111611101111116661111611 61111111·
1111111, 1111611111 6111116111 populi. 4, 8 tae. 10, 158
1161111. 1, 97 111111111611 ,6166116111 8, 491. 11·
uu, (111116 1111161111ιὶ1 fluvius ePy· 1111116111.8,759.1111111161116111-
· 111111 61111. ’ 1,108 to 61161111. 8, 150
1111616168, 111111111111611 66- 11111, 8616111 portus, 11 quo 11111 11616
puli. 8, 188 egredi 61116111. 5, 736

“ Α111611,111181116111611111111111,611111 111616116111 Pompeianus usiam-3. ¹

666116111111661111101111111,111161 11· ditur. 6, 778
nii· mittit Pompeio. 8, 181. quo 16- 161166161181111611, :ignifer in exer-
11111 6111116 iii 1611. 5, 57. 1 Philippo 6111 11116111, 1 6161161 11111, nime ni-
Aiiiiieiiiiiiiiiiif ί51161111211161161 611· 1112111111ξεῖΙΙ 6131658111ιῖ :iiiii 9, 575
6116111166 rego 11111111111 1111111111· 111166616111,111111.’ 9,115
nti. 5,110 11111 666111111. 1, 151
,111611116166111 11611. 7, 677 111111616611611111111 8, 110
11111 (qui egente 111111111111) 6611616- 111116161181. 4,776
16 616111 Medum 1111111111 11611611. 11111 1111611111111111611111. 6, 521
9, 655. qui 16 Occidentem 111161. 1, 11161111111 1111111111. 7. 88. 11111 111-
555. «1, 677 1111 6611111111. 6, 443
,11116111 silva, 11111τί11611. 10, 144 11116111 61116111111. 1, 231, 761. 7, 876,

Α Atinatis 611111111611761611111111 6661· 719. 8, 571. 4, 784. 6, 878. 7, 15. 8.

dens. Vergilia 1011111611 161111 ,11- 707,778.10,481
11111. ’ 5,4 1111111611111111111111611611161111161.
1111 11611161 6111611. ’7, 87 8,119. 161 6161161611161611111 vendi·
1111111611 111111. 7, 857 tor 1116. 4, 97
18116116. 8, 678 1111666111611111611 1161116116
1116111111 1111111. 0, 591. 11161111 1111111111 1661111. 6101
111111. 7, 779. 1116111111111. 5, 476. 11- 1116 impressum, 111111111611. 9, 176
161111 11611111 661111. 7, 77 11116 661111,1111111661111 6616111. 9,10
· 1116111111 111111. ’ 4, 415. 684 111116,11111161111. 8,150
,111111 7111116111 11161111111111111. 111161 11166161111 111161, tuba 11111
1,470 denunt:- ¹ 10,115
1661616111. 9, 575 161611οω1111,661111111111. 8111
116161, narrator, 1116111. 8, 10 1116111, 11, 1116111 611, etun, 616111-
116111, 11611111111,1161111111111. 9, 797. 111. 1, 716. 5, 878, «197. 6, 819. 7 ,m
10, 717 8, 845
1161116616111611111611661. 7, 946 Ausonium 116161. 9,ss
116111. ingentia. 6, 796. 6611116119, 187. Ausonida, 1161111111. 9, 999
nil 161111611111. 5, 817. ludendi 66111 11161611. 6, «178. 16111111 in 11611111,
1161111167 371
11166166 maguus 1161610161. 4, 707 auspiciis 611116,616116118161111. 9, 77
,11161116116111 166119, 981. hino, 11- Auster, 1611111111161611111. 1, 51, 2³4,
dientes 111611111111 mgistri. 8, 594 198. 7, 454. 3, 1. 68, 578. 5, 879, 771.
1111111111, 1116111611161111116. 10, 188 6, 77. 11884, 389,479.10,927.616
1161111,1111116111611ρί116.8817, 861 1616Μ111611. 8, 75011 Auum 61-
111111111661110166111161611161111- 1111111161. 8, 750 ’
1111. 1, 668. Diti sacen 1116611111 dic· Austri 1111111, 6116116111. 8, 847
111 116111111111111 11 stygius, item 161111· 11111161 161111 6111111111 mgis

. 6161616 inferno. 6, 686 ' 166161 qum 11111. 9, 449 ἢ

11111111. 1161166166 equen- 8, 767. 1111111 regnu, 11616111 Meridionla 9, ’
616 61166116. 7, 505. 1116111 61111. 4, 870. 1111111111116 61611611 regn. 8,
664 “ 147. 111111161111,161111811111111 11-

116611 1661111· fluvius. 7, 407 6161. 7, 885

 

