IN 11101111οΜ.

1151515111 ιι 5111551515,5111111 151515- 51515 5515111. 5, 405, 7, 755

15111 vernorum.

5,. 555 1111111115,111111“1111111111 511 111111-

1115151151· Ε11111, 5111511115 pro 5155. 9, 50115151 51 555155 51155115

11115 11111115. 9,154.10,117.115115-
111511. 10, 161

115 equinum 555 11111155 511115 pn·
11511111 1115151551 5, 905

1111155111,111111111111151111, 5115 1115111111, Ρ555555151111ιι1111, 1151515155

5515511 1155 1111155 15511. 9, 494
15511151. 5111151 11511111 9, 559. 111111
1511 11151115. 8, 09. 511111 15111“ 1511115
9, 599. 511-1155151111 ,1511511115 755
(5.51511511515151151 triumphurn 555-
1511 111151, 5151 (1115511115 15515511.
v 9, 69, 90 1151115115 diminutor. 4, 099
9, 904. 1151 51 1151515515 1515111551
Minturnensibus delitescens, 11 15 511·
nure 1115111115, 51 11511555 1111551155,
15151111 (1511151155 115111,111155515115
’ 51115111511111111111111111111511551111-
5111111111. 9, 70. 11 1111. 15 ,11115115 5155-
155. 9, 00. 15 ruini· 1111151111ιὶ1 11151,
unquam 1511115 55155 quon 1155111, 11

5111511115 (111111 Narbonensi (diano 5
1111511) 15515 1155155155, 5151115511.
5, 507, 540. 4, 957. 5, 55. 5111511115115
nentri 51 1555 1515151 55115 511111, 111- ’
1511051115. 5,507,511511.1551115-
111 011511 nonque 55111111 (5115111115
1511511, 1151115 1151115 556. 51 1511. 11·
555 11515115 5151 1055515, 5151 115111-

5151155115111115551555111111155555,’

495 ipro 1115155515. 5, 455, 5115511155-

- 515511511111551, 115515155155111115551

npnrnntibnn. 5, 446. 511 15155,111155“
1551111551155 0515511151 omnibns 551115
11551151. 5, 474. 1111 5151111555 mnni-
55515 5111115 51 5151111151 Rom. 111515-

151151 151 5155515555111 151511 155
15151115 reip. 9, 90, 91. 5511111 55111111,
9, 95. 1155115 151111, 51 septimum Gon-
1511155 5511111. 9, 99150. 0, 969,
51155111 15511511 1111551. 9, 99 511111.

11551. 5, 490. 1511 5555111551515555
1111 15115111ιωί11 511111. 5, 515. ’51
11151111 51151 regique 1151111 55555155,
111111 periti 151 5111111. 5, 555151551-
115511511 pugn: 5111111555 cautini*
51115111 1155 11555111 1511 51 151511 ιι- 5, 550. 51 1511. 11511. 5, 759. 55155
1511111515 5115111515 51111515 151 pnr- 551111151115. 5, 756 ·
1111111, 551 occiderent. 9, 115, 196. 11111111,11151511151111 5111151155
5511. 9, 150. 5151 1115151511 15“ 111115 515511511111151111111. 4, 509
Anienis. 1,509.115155515111155111 11511115 1151515155 115511 qni 11115151,
1111151115 151115 511115111111955111111515111515511511511 0,409
1, 505 5111111111. 9,550
11. 1151155, cuii 1511115111515151515- 55155115511110,75. 11111. 0,157
1511115511151,1115111151515155 mem· 11511551, 5551 Apulia 9, 105
brorum 5115111ιί1515, 1151155 5115111151 511151515111115151 1,575
5111115111 11511115 1155111511151 1551115 5515111111,111511,111511111115, 51155,15511-
noenu. 9, 175. 511111. 5511, 11111155. 1, 1145. 9, 597. 7, 660.
511111, 15515111 1111511111 1511511111 11 10, 491 .
5155111115151111. 9, 997, 546. 6, 794 51151111 111111 55111.
Maximorum 551111 11511 Sacriportum 9, 5111511, Μιιι.
154.11111151115051115515.9,155 51151511ιί15 111 0551551115 11515115,
5151555115 temporum 1115551155 9, 60 994 9,500.11151551111511155115115
5111155154 151 51511511 10, 465
1151551155,11115111551111111,Α111115 51155111115111111. 1 4,679
1511511”111ιι515111115111115,995.,4 111511515111111111115515111111155115515
550.9,095.515111151151511551511Μ51-11515.11989
1111115515, 11511551111111. 6, 509 Mauri 55511151 1551 1511555111 111151
momentu, 1151155 5115151115 151555 55511155155111551511111551.10,455
551111515511515151. 10, 115 5115151, 155111111151111515. 0, 905
11115,11551115,1511,11111151111151515, 51515115155511,11551511111511115151.9,
11111 5551111151. 4, 500. 5, 4. 111515 511- 495
155, 5111ι1115511ι. 7,111. 1111111 115155- 111515111, 11111511 15555515155 prin-
15,ι11111551115.10,546111111151151’ 511551151511115111511151511011111
nomn 15151 1111115111 7, 990 regin. 0, 597
11111,11111111115,115 511111,Α11151111515155111111151111111151
11111115 Ρ155115551155 11), 905. 111555- 4, 501
151. 1, 660, 655 511151155111111515551115111151155111
‘nra-i. 5111151 :ger 1511511 1111115 9 450 5515. 9, 455
9, 790 1151151 0515115155 11111 5111, 5511151551
511111111151115151511. 51155555115511551115111511151111

5, 591
7, 559

5,907

 

