lun-nx

6111116666, mnf-bubum· 6111- 1161 m 1116
’ 166666661116 gestis, 616. 4,100 11166111 61661101116111161111. 10.
1111111, 61111116 1111666116161111. 6, 606 117.
1166166166 1661616111. 1, w. 11111. 6, 651. 1116111111. 6666
emmin- 6, 615. 611111. 9, 97, 116 111.ιὶ116.10,66.111611,61611661,611“1.
, 11661, 1166, fax. 111666661116116. 5. 616
116161 16116666661661161,716.116161 116 1111 6616111161 1611661. 16406
6111 1611. 6, 6566116616. 4,164. 111 11- 111661 pmlati Consulibus & 16161111111661
61611 ducum ponere 1661611 115611- Rom. 1,19. 10, 11. 1166111661 hffi.
6161161116. 5,10.1161616611111111.5,114. 61 simpliciter 111661, 616, Consulum
116166, 1111611611, 66616 61611616. 6, 115. item 111661 16116, 61, 16661111 1, 160.
116161 Erebi, 1616161111. 6, 766. 111611611- 6, 61. 6, 666. 7, 416. 111661 6166166116.
111. 6, 759. 666611111111111. 7, 13. loci. 1,176
7, 766116161666661. 10,61. 116161 111· 11111, 1616616666 gemm 1166111116,
, 61111 1. 10,105 818
1161111. ’ 1161111 6116. 1, 610. 6161. 11111 Rom. 61111166 percon-unes 1615.
“ 1, 656. 66111616. 6, 666. 666616. 6, 10. 111116 116116 16661161, 11616111 Conni. 6,
10, 6161161111 6111161161 1611616 111611- 170
161. 1,460. 1161161 lingua 16 1661111616 1161161166. 7, m
¹ 1, 561. 1161111 16 ’1166 6111161116 fatigia 6111161. 4, 196
,166111 1611614, .61 116111. 146. 111611666611,11161111116661161116116,616,
mmmmm 11111ς6111111611611611161611ω6616-
1161661 quon 1116611111 116611. 6190 1111116666 Eudoxi 1161116 voluerim,
11661111 opum. , 4, 617 167
1116161161,6166661111166.6166111161611 11166111616661111. &m
quod 16 memo camp-ni· tgro 616- 1166116 6166116616616166111161. Mb
venito 11616111. 10,166 1116111,616616116166661611111161111116166
161616. 11111. 11166661611116,1166166666 pmdutimh, ι Iamo, 61 stoica
6661616161611116,61, 66. 11116161- 16616, creberrime 61616111 vox, 111666
1616 66 aqua 1616666111 1661161616 6166111 6616666663 61666 616666-
666611.5,464.61661611611111111.7,169 166161161666661611616111616161161
11611. petitor 11616. 1,161. 11611 11116161 sepissime 6161116116, 16ῑί6161116. 111661
populi 11111611. 1, 470. beni 11116611. 1, vudum, 11111 genera 61611116, 661. sb
471. 1161061161 11616161 agmen. 1, tum pejus. 1,614. sutum 66611116 Ro-
600. 111111 magno 616 1661111. 4, 574 1111111 perdere. 1,67. 1111111 11 66616111
11611666111 61116111161661616616616- 111111. 6, 664. 11111111 belli 1666611616-
diendo. 4, 718. 11161161 viros 616161 cubuit. 4,769.111661 belli. 6, 69611-
tuetur. 4, 611. 11611 vetut. 161. 16161 tum vindex. 10, 11. 11111111 1611161 11161-
111111 161111 16616111. 5, m. 111611 116- andri. 1646111611 iniquum, felicita
111611. 6167, 604. fama 6111 1611116 16 injusta 6116661111. 10,451
166611. 7106. fame 66116161111661616· 1111 momenta 4, 6. 6616116111 16616611. 5,
111. 6, 11. sama & nomine 16 tueri. 6, 490. 1161 6, 7. 6611616416 611616-
176. 111111 1611161616 secula. 6, 606. 11· 161. 7, 640. 6611661. 7,666. 1111 sumis.
66ω1161616.6,614.1161111166611116· 1616166161616611111111611161.6,116.
cipere. 6761. 11161 nominis 9, 9111· 1161616616,766.9,1411611616μ-
161 longi 1111. 9, 546. 11161 mortis· 9, 1116116 16 161161. 10, 664
· 754.1111116666.9,956.111611 61111161. tu 111661 ne 661116 tuum 6666616666,
9,961.1116111161161. 9,1060.111116 cu· 611
11- 9,1060. 11611 vestri. 16165. in 1116616661161616611. 11116,111166.4,464.
11616616661116111616.10,566 7,161. 1116111 1666166161161116611.
116611161611661166161161166. 1,465 7,161.661111116666161116661. 1706.
1161616616111161 1611166611. 9, 694 1116 16166119
11111661 16116111.4,664.11111611 regnu, 1111 ferunt, id 611, 1111161661 1111111161.
177 16961116111161166616164, 65. 616·

111661. 161111666111 1,.119. 166616616661. centia infantis. 1,107. homini 1616111.
1, 156. 1616111661. 4, 676. 1111166 7, 416. amm. 6111111. 1, 166. nunt. 1, 701.

16616111 1166616. 1,664.·116161161111111- tahnsemntdiuqu viscera fmt,
611116 epula posita. 10, 156 lucuncummembriu 6161166111. 6616
, 111661 1111161 1116111. 6, 57 1111 1116116161. 6, 751. 1111, 61611614,
1166161161 16666161666166161161616 49.1111161161661161666,660.111166
6611166. “ ms 1110111616. mo, 1611111111. 7, 111.

 

