IN LUCANUM.

18519. 111111111111111111. 7, 461 1111 1111111 11111111 411 11111 111111. 11 410.
secundo. 8, 988. 6, 479. 10, 916

11111 ubi fulmen 1111181111 et 1111811111 1111111111 8181111181 11111111818111 ’

111111111111111111118111. 1,608 despumat. 6, 505
11111. 1111111 1111111111 111 1111111111 111111. Luna 11111111111 11111111, 11111 1111 11-
5, 576. 111111101118 111, 11111111, ligo 11111111]11111111111;1111 11111111
profluere. 7,698. louge 1111111, 14111, 81; item 11118111 1111111, 1111111111·
111111 longinquis regionibus 1111111111 81 11111111 11111111 3 1111111111 1111111-
111, 11 quidm 1111111111111, long:- 1111111111 111111. 8546111111.
1111, 11111. 9 991 11111111111.1,404
11131188111 ,111118181111111ι 7, 846 11118111111111111, 1111111111. 10, 916
111118111111111811111111111181111111111. 1111111111 recedere. 8, 8583
8, 66 lunatum 11111111 1111111 1111111 9 678
1111111111 1111111118118111111111111111- 11111111111111. 8,408
11111111. 8,568 11111111,11ρὶ111.8,101.11111111111111“111
1111111117111,11111111171111111111111. 1111111. 3, 405
9. 558 1111111111111111,11111111111111111111111·
111111,111111111 111 11111111 1111181 1111 1111 11 11111111 1111111111. 6, 786
1111111111 1111111111ῑὶ, 111111 1111111- 1111111111 81111111111111. 1, 598
1111111111. 7, 498 lustrum, quinquennium. 1, 988
11111111 68111181111111111111111111118111 lustrum 1111111, v. 1111111111. 8, 479
111111. 7, 909 9, 985 11111111111111111111111, 111111. 5,847
Luceri- 18111111 oppidu 1111111111 luteum, 118111 8111811181111111111-
6111111. 9, 473 11119861
11111111, 111111 81111111, 11111111 1111111-1111.11111111.1,985. 111111. 9, 791. luce
11111 1111. 1, 989. 9, 793. 10, 484 111111111111,111ς1 11111. 4, 997. kx
11111 1111181 11111. 4, 96 11111111818 4,· 447. 811111. 4, 478.
lutatium 11111 11111, 1111181111 111111- 11111 11111. 6, 898
muniones. 4, 694 111,111811.111111111.4,89. 8, 469. 7,
1111111. 111111118111111181111111.8,508. 497
11111111111111111111111111111 8, 578 1111111111811. 4,80
11186111. 7, 2 1111111111, 8111111181 7,185 .
111111111111111111111111.1,141. 11111(11111)11111111111111111111 4,484
et oeqq 11111811 611111. 8,.488 et 1111 1111111181, 11111111. 8680
1111 luxuries 11111111 111811ιῦ 4, 874
118111,1118111 4, 795 lnmAEgyptiiexpliufi. 10, 11111 1111.
ludibrum 111111,11ῳιι 1111111111 91111- 11111 11111111. 1, 675
lm· 8, 710 1111181111 [1111111181181111111111111
1111111 11111111111111111 1111111111,1111111,11111111111111 1111111811 11-
111111111811811.1,645.8,681.10, 1111111111111111,111111111111181111.
lugubri· 111111 1111111 2,³65 111111117111111111,111111111111·111-
imon. 1111111. 1111111111, 154. 8, 713, 11811. 1, 575
74081111111811111 Tnynheno 111111111181111-

11111111181, 118111. 4,989 1111118710 “
, 1111111111111811111111111111111111 1111111111 1111111111 gradu 1,·196

81111111 portu. 1, 586. 9, 497 1111111111,11111111; 1111111111 1111,
lm bigu 11111111, 78.1111111111,1111111111111 111111 1 1111111181. 7,

918.1111118111111118111.1,413.111- ‘ 186

11 111111 11111111111,587.111111 1111,111111111111111111 1111111111111-

8111181111 1111111111. 3, 49. 1111181- 11111111111181111111111111. 6,679

1111181,11111111111111111111114,60.111·Μ

1111 111111111111111. 6, 505 Lunam· 11· “

111111811111111311111111111 111114 8111111111, 6111111111111111111111- “

despumat 11 1111111 1111 1181111116.11111111181111111911111111111111811
669111111111111111111111. 8791 1111111 31111111111111111111111,111,
1111111Ρ1111111111111110,984.1]111· 11111111.1,147.5,1.1ο,16,11,
11181,1111111119111111- 969

m 1111 111111111181111111111111.11111811111111811Μ111118694
9698 111111111111111111111111111 111111 ligurio 811111 11118111811 9,
111111111111 1111111111. 6, 500 496

 

