ιι 16611611. ’

860.stoe 161111116611161161, 61166611- 616618111116111. 5677
ninus 6161. 4, 577. 8, 851. 9, 536. aput 86111611. 6, 879. 10, 1911111ιό
10,711, 718, 784. 7116016611 1111, 61111111, 1611. 7, 697. 3, 596. 5471.
81661661- 4,333.(1ι661161161111,11116- 9, 799
Ιι, 1111111111. 10 759 “ 6116111, 161166 116611 quibus 611 ludi.
0116111166666116616 6116666ιί66 166 7, 789
Tim-dim 16 Illyrico 6111666611. 0116611166617666616163161121166-
666116616663161161116611. 10:³2³& 6131111111, 16161661. 6797 f ,
Μιοιιιιιιιιιιι. 8,777 611661,66ι6611ιιιιιιιιι 6,777
11161, 6161111 oni, 616161166161 1116616- emer, 16661666661611166161166611616 .
11161116. 7, 377 6661,1616611611,794
61611116116661116661661161111611.4,447.6116111111,1616ι6166111661611 5, 418
61166 8611116 1111611166 1548 6166116- earnium, 016661,3166616 66116116. 9, 556
,6111111616 8, 837 , cardo 116660ιὶ611. 5, 71. extremus 6611.
61111 rapidus 161166666111166111, 61 qui 4, 73. 666161,Μ61111161. 4, 673. 6661·
. ιι 6611611616671611611 rabidorum 6661, 61, 1161661161, 06616661. 4, 671.
166616111111611. 6, 671 5, 71 ,
111111.01616111,811111.ιο,116 611616616616611 161166. 1, 557
616118166116,116116.6,733 61161ιίιιιιιιιιίιιιί, 16666166. 7,881
Cum, 165666 11616661 61166 116161116- 611161, ιιιι 6116 ιιιιι 3, 650 4, 418.
11666166111ς611661666616161161166.616111116116611111.
746. 7, 406, 800 omui, 6666166 61111 Ριιιῑιοι 161161
Omns 116111 1161161611111, quse 611 61- 1661161661. 8, 750
41616111 666 6661616111 8,181 ιιιιιιίιιιιιςίιι, 6166681666,Ι 161611, 116-
cnop-1, oppidum 51666ιί,1 quo 61- parion. 16, 444, 457, 497, 507, 694,
111611 1111110166616616, ’6666 61 11611- 766 ,
, 6166116111.8,543.6161666 16616166116661661. 9,590
11164 6116616 summ ngminn. 4,156. iter, ιι,
cantabri. 1111611116 6666616066111661 11161. 6, 573. 9, 408. 6166111186 16-
166 7116611116ιί 1116ιί661 1111ιί6.6666161611616.9,741
6, 759 Cum Mesopotamia 61111, 16 quum 161161
6116111666,61611116131611661611ι1661 Οιιιιιι. 1,105
6, 767 06116166, 61511111666611111611, 161 611-
666161 flamonia, mglout· 6, 693 111 solatium 1161161 calamitatem 161111.
61661 1661161, intelligendi 116116 mundi. 7, 91. 6661111116. 4, 565
1116161766661110,183 (1116116611 6161661661. 8, 784. 61116161.
6161661 6161111 anime. 1, 461 4, 788
616616 66161661. 5, 760. 66611 tot ,ιιιιιι eumn 11661616 6616661 66616136 111
. 611616 61661. 7,187 Euripo. - 5, 737
616616,16611666616616,161116.1,185 61161, ιιι 1661 611661 civilibus 611111.
6161 6616611166 1616111. · 9, 393 . 5, 576
6661111 1616ςί ι fronte, in 166611 reflexi, 616161, 61611116 Orientem 18111611,61664
ιι 1411166661 10, 137 Ρ61111116616. 8, 463, 470. 8, 539. 10,
1316116111, 9, 79. 111, 63 434
Capitolia 66166616 ιιι-1661611116 invehi, 666616 plebeia, 7, 586
triumphare. 8, 553. 9, 599 0.(11161111 ιι. 61. cum M. Antonio Urbe·
(11611611666611111 incensum. 5, 77 66166616061116111666111611. 1,766
0666666611 116116 11166111666611 7, 597. Cassius percussor 06111116. 7,451
8, 744. 7, 541. auxilium Pompeii. 01161161161111, Ροιιιι Cupie, 116161
7, 775 montium 0116161661 11161 Medo· ιι
(661166166186661661116116. 9, 537 Parthos. 8, m
6161111161 111111. · 8, 416 (111111161166616 1111116116 monte 1116111
111611, 0166611116 urba 61161111, 111166 11665175
'huj-no 61116611. 7, 897 66616111. 6, 40
6666166, 616 6616 1616. 7, 767 66166116661616111616661661. 8,71
61661. obliquare 61661. 4, 776. 6166116 611111 Romanu 16666116161161111, 611-
16116 1666111. 6, 97. ιιι 61661 61166611166661116111661661, singulis 66611661.
.7, 579. 61661 6616 rotare. 8, 673. 61· 1,.516. 1166611111166616111, 16111, 66-
61611616111 1161111. 8, 711 cem 6161161 itineris 1611116111, 5, 374.
6166111616, 7, 3511Ι 11611,611111166666,16611,11611666661,

 

