ΙΝ LUCANUM.

Ρη11111111411111111141011111111.8,“ 1114141.”11’141144.44111111411141114’.,1
107 461.11,·1411111 1114111.1,578.111114

. mark 111111.
1444. ,
preounbmm.
114411 111111 111441.

f 8, 585
4,168
8, ⁵94
1, 178

4411.4,480.14441111411114411141111
44111114 Deo. 5, 501. 1111111 46 4444
Ξίἔ161ξ14711111114 411, 1111144116,

1114414. 1111 1144414. 1,511. premere prope. 11114 44. 7, 898. 11111111811114. “

14111111 1, 651. 1141411· m 44114 4141-
vem 11441141 16 11111111 41411. 4,

{35m' prope 81811111, 111-411. 9,

1961144114 14111411. 4, 448 premere, Propontis, 11114 81141 Bosporum 411111·

opprimere. 5,138. 1144414 14. 5, 341.
premere 44114. 7, 841
1141641114 111 4411441614

premere 4111841. 8,664

1441141144. 9, 960

propinqum 4411111114. »ι 6,1
4,10 11411,11141111141111111.6,547.1411,

4141111111111414114111.

11411411411141111111111111414144111 11114411, em, 1146861111144411116

11164· 4114414111, 4111111141111· 11141·
411111.9,788,791.111111.

rooeqoiiornem nmirum-¹

709
1, 801

prinu 144441111,1,384.114414111111-Ρ141411111, 64111111 viroris 4141. 6,

·111,584.14111111114111414.8,564 ·
11181141 1, 98. proh 8114114 pudori 8, proeerere.
597. proh pudor! 10, 47,77 11481111 11111111 661411.
114 11114.
1118114. 1148111411111, 11111114. 7, 676. progne· 41111.
114811414411141144. 8, 681, 686 11111411 rernm,
11114111 1111441114 111114 5, 684. procellae prorpioere 1181141114.

10, 410

700

4, 411

7, 849

7, 699
6, 484
7,107,684

1411

cireen. 6, 787. 11144111,111641. 8, 808 11441141811181114114,16441,11181·

1111114184 411111 11111411 1411111111. 5, 841
μῠεθΰῑωρὲιὶω.. ..5 7551114111184111114.

141141 11 penne 8141411111 1111 (711111)
114111,11111414 8141114 141111 per·

11141418,θό

1116414, 4411411114, 46414. 8, 15. 10, 181, Ρ1414111, 1811116144, 1111111141. 10. 511

1’95

prodige 14114 luxurior.

114141111111411414414114. 8,61
- 114641141411141114111111. 8,818 141164161611111.

4, 378 1111111111, 141111181411. “

5, 988, 568
10, 58

11461111 portendendo 4184114144 84111 11414411 1114 1141114114141111, 198

4111111. 1111. 111111. 411611 88111111 1114144114 1411111111.

4111114117,151.411411.

1141111,141148611.

9,888
4,58

114611141141114111614111411114641411- Psylli 1411411144 regionis 111 11114111

9, 475

11464444ιώ414 4796
proferre 14 1411111414. proferre 11141

cnido 411,4111464141 64111811 9, 908
profondum, pro 4111, posen. 14411114

. 1141116114, 41111 isthmum utrinqne ¹

48611111. 8487.1144111114111111111

61,141141111.8,571.1141111614 44-
32:216}ae profundiore 4111141111. 8,

1111141141,4111411111111111481117414-8141441784111844111111

pnli, qnorom oorporibne 11141111 rie
441111 141441411644 4141114 14141
41111111 11411 renero 14111111; 1184111-
1141141114411111614 11484111 111814
·· ,111

141161111144141111141111111141141111 ·

14111 144111 Hi 16 81111141 invention
1144111,4111116114111411111111114141
1111119,894.41111416937 9³⁵² .

8,388 Ρ141444111144181118141141411161114 ·

111-4818414 1111118,Ι 181. 1111411111411114

ooniinne 14114. 8, 696

1411416414114114411111.6,508 84844118441441111141481116141-

11411441411114. 4, 516. 1114144, 745.
41111 11141. 11166. 11414411 regne 1111
411111. 8, 448

1114411111144111114614114111144111. 5,
-810.11441111111117,106.114411111·
ιι111141114. 7, 845

r promittere 41141 inbelle. 1888 pmii·

1414 4181. 1, 811
11141111 1411111111 44114.
. pronubo,

6, 116
8, 90

1111111144 8411114, 1141411111484111-
peni 8, 500, 573, 595. 9, 181, 1088.y
611114 4111111141 4841114 rex 1414111111

,(4141111141111411141. 8. 558.) 5, 60.

8, 881, 448, 5111, 586, 558. Pompeii
1111 1111111 4441114414111841 8114141
11161144 1614111111. 8, 688. en 84414
44114 Alexandriam 14111 ed 01114144.
10, 53. 1 qno 444 0111111114 norom ro· ·

4414811111, 41 remouere 41411111. 10,

 

