’ lii 11181111οΜ.,

11111111111111. 8, 511. repere, id 111, 511111111111111111115, 6111111111·
1111111111111111111111111. 1199. 8, 11111111111111,1’11111111111111111.61
140. 10, 401. repere, eripere 9, 1097. 799. regne, pre, 11111. 8, 313· regin
10, 7. repere, 1111111 iecere. 6, 54. 10, qne 11111111, 1111111811111111111111.
410.111111111111.1,517.11111111111 8, 313

111111. 1, 17811111 egmine. 3,199. 4, regni 111111 1111101111. 1,·91
35. 11111111 11111 iter. 6, 111. tepide 1111111111 ecre mitiuime 1111 11111111. 8,
11111. 9, 31. 111111 1011111 1111111111- 453

1111111 1111111111 3, 391. tempere 11111. regne 1111111111 1111111111 1111111111 cencer-
10, 508 rentur. 8, 491

rerer 1111111111. 1,17.111111111. 3, 693 relegere 11111111. 6, 314Ι .

11111, 11, 11111111 11111111, 11111111. 1111111111 (1181111111 pelagique. 9, m
retinen lanigerarum 11111111 1111111. 4, remittere. 1111111, 1, 77. 1111111 11 11111
41011111. 111111.4,364.1111.4,398.111111111
111111111111. 5,118 dedecui. 6. 148. 1111111111 11111111111
recedere. 11111111111 ebeeieeereeceeit 111111. 7, 707. magne 11111111 erimine.
0, 674 9,1059
1111111111τί1. 1,604 1111111111 1111111 111111111111111111111-
111111111. 7, 110 cue 1111111. 4, 414 ,
1111111111111.6,40.111111111111111- 11111111 11111111 recte· 1111111111. 9,
1111111111111.5,745.111111111111111, 149
1111111111 11111. 6, 445. 11111111 11111- 11111. 11111111 renue 3, 539. 111111 111·
11. 9, 863 1111 111111.3,543.111111 11111111111,
recidere membre, 11111 1,111,141,171, neree. 3, 5661111111 pecten. 3, 509.
' 194 9,114 111111111111.5,411.1111111111111111.
1111111115111611111111. 4, 711 8, 561

’1111111 Olympi, 1111111 Super-rm 11111- remere piecicnine, 11111111. x 6, 875

111. 5, 616 1111111,1111111.7,585.1111111 1111111,
recten, 11111111. 9, 314. 1111111, erecte cernelie. 5, 715
1111111.3,811.11111111111111,1ο1111, 111111111111111111111. 1, 95
11 11111111. 7, 337 rependere 1111111 11111111. 3, 468
rectem ntili 1111111 1111111111 11111. 0, 488 11111111,1111.111111,11111111111 111111111-
11111111,11111111. 8, 767 rium. · 4,666
ex Reeneeu 11111 enim 1111. 3, 477 11111111 111111. 1, 130
reddere ee 1111111. 6, 310 replete ed 11111111 soree. 3, 630
redire. 11111 111111111111111111 111111. 1, repndieri, 111111111111 1111111111 5, 764
39111111111111111111111 111111. 1, 1111111111Ν11111. 1411111111-
118. ridere redeunt infaciem puri 11111. 1111111 mecum rebne 1111. 1, 309. nini-
1,713. in puppim rediere 11111, 11 111- 1111 rernm 1111111111111111. 1,171. re·
11111 concurre. 3, 545. redire in 1111, rum vilissime pere 1111111111 morietis
1111111 1111111 1111111111. 7, 719, jem 1111.3,110.1111111111.3,3,311.111·

’ 1111111111111111119,11411111 3, 337. 7, 118. discrimine. 4,
refici cede. 6, 140. refluum 11111. 4, 418. 104 11111. 4, 116. enine. 4, 190. 11-
reicere 111111. 4, 191. reicrere. 8, 97. rum prodige 11111111. 4, 373. 111 11-
9, 15. 111111Ρ111111. 6, 50. 1111111111 nicee. 4, 796. rerem 1111111. 5,10.
gremium. 0,105 eumne. 5, 16. 11111. 6, 461. dominer.
111111111111111111, 1111111111. 1,316. 6, 595. perrepere rel edreree. 7,187,
11111111 111111 11111111,11111111 11111 684. vertigo. 0, 16. 1111111111 11111 ex·
11111.7,515.111111,111111,111111. ordieqcedrrn.8,266.rernm 11111118,
7, 519 504. ree 11111, 1111111111. 1, 53411-

, 11111111111111,1111111111. 319 1111ιά111111,11111111. 9105111111-

111111111111 triumphum 11111. 8,341 11111.9,153.11111111111111111,011111
11111111111111111111111111111111 111111111.9,411. 11111 opifex. 10,
veiint. 8, 489 167. 111111 cirine. 0, 454. 10, 467

, 'Regia Alerendr'mer (1111111111. 10, 111. 1111111111111,111111111111111. 11454

er 1111. 1111111111 11 1111111111111111111, ι

regmre 11111. 3, 310 qne ie qni 111 petitur, cierior 111111

, 1111111.11111.1111111111,4111111.1,90. 11111111 extitit. 311

Ι

regne 1111, 11 ierre. id 111, 1111 11111111 1111111111,111111,11111111111,111111111111.
rivere. 1,315.7,444.1111111111111111. 4, 318
5, 150. regem 1111111111,11111,11111 11111ηὸ111111111111. 5147

 

