IN 1116111611.ι

066111066136116111161131116. 1554

0666161 11111111ιί661 31361111 1111ςῖ111511 ¹

11166111.
06661111, 116116111163116111666. 4,99
01111161,Ρ1761116111166111111 111 11111166

11116111111161 11161 6161111611... oo,

1116111111616,161116111 1161661 inhibet.

4 433 ei 16111116116111131116116-

161611 comperitur 6616116616611161-

6611131111 1611611616111. 4,437
16111.”1611161161666111619,.96 oculorum

16361. 3,719. 11666113, 713. 661161

6111116616. 3, 735. 111 66616 prendente
¹ 11611111. 4, 90. 66111 111116 1161661161.

4,169. 161161 661111661111. 6, 39. ori-ie

661161111. 6, 916. 6661161161 11111161-

gere. 6, 541. 66611 616611 ingenio ini-
, ’1116 7,157. 666111 1161366616.7,673.

11116 1661 116161 revocet 1616111111 11111

11161161 666161. 7, 789. 6116161611 666-

116111 1161111111 1611116166 666111

116161111111611611111. 9,139. 6611116-

nebia, 16161161. 9,674
661161 merientium 6166361611611111, 61

proximi unguine 661 118ιί1116 affinium.

3,740. 5. 930
6111113411 11111111 9, 145
631116111111111111111116161616.3, 103
1311111111.1,161
odem 1161,11611111161 1631661161 011611-
1611161111111161111111. 8731
4311161. 111 ’116111 1611611111, 11111611

1661611116166111111. 8,407
1111611 16111611ιί11,161111666111116111
“ Δ 61116166161 Hercule 1161111111
. 1111611 11116161 611. ² 6, 363
(Euneon 3611616 11111161. 9,165
4116116 nymphe, Peridie conjnx, 611116

1161611611. 9,973
43111816,111161611161,111661’1“16111111

in qno 16 1161611616611111111; 1116

116111611111116116161161111616111111111.
9,148. 1661116161 16111 16 nnn 661611611-
me 016161 3, 996. posi 611611, 1111111111.

, 9, 489 161661166661316966.61111

1616, 666111116111, continue 9, 883.1 m
omnin ingenue. 3,.390 61116 1111161,
omnio vnlnere. 8,7.98 1161111116, 611-
(116.10,461
6116113611611116 1611611616111. 1149
61116116166116111 161Ιί6111 dirigendis 11·
..pidibue , , ¹ 3,469
6161 61661111 humeris. 5, 355
11161 66116ςί1. 5, 795
616111111661,16111 deeiitninrte‘ 1611-
minin. 7,196
onyx, 161 661611161,ς6111 1611116ιί1.

611611616116116111161111166511,111117-
166111611ιί1. 6, 645

opicus, 6111116111. 4159611311 tenebre, “

611611311611. 8,379 1
opertum, 1661661. 5,187. 6, 514
61161,ρ11116111111111161616,661111166116-

111111. 3,190
1161,6116111,316.1611161161113, 150
611111 menende 11661111. 4, 817
6111161,111111116111 genno 11666111 161161

'wlff' distinctum, 116311 {effi

6 ι
1111161 rernm 10, 967
01116111667666161611 1111. Opitergini

8161611 611116616111 1116 turrigero ((111

6116111 in 16111 1611611111 6316616111) 6

1661611611611611111611 11111161 161·

11161 16613111,11116111611161 ee 16111611

6661311114,469.611111.661111111111·

111161 61111 61 dentibus 1611161116111

013166 61161616 6661161611. 4549 61

ee
6111151611116111116111.
6116116116616

oue¹
1161

316111 1616161116 1161116111. 3,178. 6, optimae 6166166 1166116. 9,.494 flexio
389. 7, 449, 483, 807. 3800 frenis. 1, 495. 61361616116. 7, 918
636111611111111611111 4764 optare. 61611111131111663611116111111-
311111618666161. 1, 675 11.1111 · , · ,10, 154
. olen ι11111111111161,1111611 penio. 9,306 6111. 161111111616 1111116. 9,679. 6111
olom, lndnrnnngene 3 949 3116616639. 6161161116111611111611.
61111,161611615779 6, 54. 6116166111, 6111161116161161111.
111111- 1161611161. 9,930 6,.188 6111116111 6111611661, 61111611
Olympon 7161111116 63 Septentrionem 11161 11661111. 7, 345. opne 11111111.
116111. 6,.341 7,173.1611111116116-9,.381 6116161616. 10, 491
11616611616,111116113611661116111 611, ride, 616111.
11111ωὸ,477.11611616111163166116111 61666161616 61616 indepte 5, 86111611.
111166161611611111,01111161 111- 6113116111611166116. 9 579

’ 311611616661161111111666111661161ς6663666161666161111111. ,.,6779
636011611166161,1611161. 5,690 6166116113611111111116111.9,511.061

0111111661 11161111.. 4, 614 111666916111111. 570

61661. 61 61111161 (61116 1611611111 11111111 61111611116111 116116 11161611. 9, 998
...1666161111666-161 6111111111. 611... ...611 poem„

minnoledeepmeedenihinominibneonm 161111.16161,369.0111111611.1,959. ι
111111. · 9,41 eim 3115116661. 3, 947, 310. 011110661-

 

